1 0
1 1 (0,0)
2 0
2 1 (0,1)
2 1 (1,0)
2 2 (0,1) (1,0)
3 0
4 0
4 6 (0,1) (0,3) (1,2) (1,3) (2,0) (2,3)
4 6 (0,1) (0,3) (1,3) (1,2) (2,3) (2,0)
4 6 (2,3) (1,3) (0,1) (2,0) (0,3) (1,2)
6 7 (2,3) (1,3) (0,1) (2,0) (0,3) (1,2) (4,5)
6 6 (0,3) (1,2) (2,0) (3,5) (3,4) (5,4)
6 5 (0,3) (1,5) (1,2) (2,5) (3,2)
6 7 (0,3) (1,5) (1,2) (2,5) (3,2) (0,5) (3,5)
5 4 (1,2) (2,0) (2,4) (3,2)
5 4 (1,2) (2,4) (2,0) (3,2)
7 6 (0,1) (1,5) (2,4) (4,6) (5,2) (6,3)
7 7 (0,1) (1,5) (2,4) (4,6) (5,2) (6,3) (1,6)
7 5 (0,1) (1,5) (2,4) (4,6) (6,3)
6 7 (0,3) (0,5) (1,2) (1,0) (2,3) (3,5) (3,4)
7 8 (0,4) (0,6) (1,3) (1,0) (2,0) (3,4) (4,6) (4,5)
8 11 (0,1) (0,2) (1,2) (2,0) (3,4) (3,1) (4,2) (5,6) (6,5) (7,6) (7,5)
17 16 (0,4) (0,6) (1,3) (1,0) (2,0) (3,4) (4,6) (4,5) (10,14) (10,16) (11,13) (11,10) (12,10) (13,14) (14,16) (14,15)
12 16 (0,3) (0,7) (1,2) (1,6) (2,5) (2,9) (3,4) (3,8) (4,11) (4,7) (5,10) (5,6) (6,9) (7,8) (8,11) (9,10)
